3.490000000000000000e+02
8.470000000000000000e+02
2.510000000000000000e+02
9.200000000000000000e+02
5.000000000000000000e+01
1.160000000000000000e+02
1.430000000000000000e+02
1.070000000000000000e+02
3.000000000000000000e+01
6.500000000000000000e+02
2.990000000000000000e+02
4.420000000000000000e+02
4.160000000000000000e+02
5.660000000000000000e+02
3.080000000000000000e+02
8.430000000000000000e+02
3.180000000000000000e+02
1.070000000000000000e+02
9.900000000000000000e+01
3.550000000000000000e+02
2.390000000000000000e+02
1.400000000000000000e+01
1.550000000000000000e+02
7.970000000000000000e+02
5.670000000000000000e+02
8.700000000000000000e+02
9.460000000000000000e+02
2.110000000000000000e+02
8.920000000000000000e+02
8.290000000000000000e+02
9.270000000000000000e+02
5.470000000000000000e+02
2.510000000000000000e+02
4.000000000000000000e+02
2.950000000000000000e+02
6.200000000000000000e+02
3.440000000000000000e+02
9.630000000000000000e+02
3.600000000000000000e+01
2.910000000000000000e+02
2.790000000000000000e+02
1.450000000000000000e+02
3.000000000000000000e+02
8.370000000000000000e+02
5.570000000000000000e+02
7.380000000000000000e+02
2.390000000000000000e+02
2.850000000000000000e+02
7.960000000000000000e+02
6.420000000000000000e+02
6.400000000000000000e+01
1.580000000000000000e+02
8.610000000000000000e+02
2.070000000000000000e+02
3.290000000000000000e+02
4.560000000000000000e+02
3.490000000000000000e+02
3.430000000000000000e+02
9.950000000000000000e+02
2.180000000000000000e+02
6.460000000000000000e+02
7.800000000000000000e+02
6.730000000000000000e+02
1.880000000000000000e+02
2.270000000000000000e+02
9.790000000000000000e+02
7.850000000000000000e+02
1.290000000000000000e+02
5.010000000000000000e+02
3.990000000000000000e+02
9.290000000000000000e+02
5.520000000000000000e+02
3.760000000000000000e+02
6.180000000000000000e+02
2.680000000000000000e+02
7.700000000000000000e+01
6.100000000000000000e+02
3.210000000000000000e+02
3.180000000000000000e+02
2.810000000000000000e+02
3.400000000000000000e+01
5.810000000000000000e+02
2.680000000000000000e+02
5.130000000000000000e+02
9.950000000000000000e+02
3.310000000000000000e+02
1.200000000000000000e+02
6.950000000000000000e+02
4.400000000000000000e+02
3.130000000000000000e+02
4.540000000000000000e+02
6.400000000000000000e+01
3.410000000000000000e+02
8.890000000000000000e+02
4.800000000000000000e+01
8.280000000000000000e+02
7.700000000000000000e+01
7.300000000000000000e+02
4.170000000000000000e+02
9.660000000000000000e+02
